5110002 -2187933 1987057
9004470 5112416 -5080208
5634495 8944098 2351117
5875247 355114 -9398006
-5019475 -1873829 -9186517
5127114 626116 7888520
-5258845 2439887 6909297
1617228 5712395 -4778884
1485958 5468263 7669918
225934 -4864579 -8522761
5082838 -9754576 -710694
-2930105 9249893 -5598278
1989687 4884389 -6654180
-5659196 759637 3700934
-5057203 5740161 -8172894
-4243720 867276 2453221
-6355200 5608430 -5106891
-9445902 -2774341 -9394496
-4224786 8711617 6073767
-6554868 -1062449 -8790811
-5077629 -5979610 -8545388
4211676 1090285 -9295494