12
195 113 128 177 208 2 162 29 50 0
571 866 322 465 983 544 298 892 108 643 909 820 750 0
1889 3473 1052 3553 3899 66 1257 1839 2886 479 1867 0
333 48 303 106 481 464 338 460 0
12591 8856 9477 10749 5586 5088 4219 889 12644 0
655 59 335 969 518 33 0
5996 4746 10004 7526 14424 0
805 489 304 226 439 66 780 7 738 105 325 1002 160 0
120 187 36 204 173 0
6028 4974 1571 209 1784 5333 7421 286 400 5661 4195 2824 0
6704 11020 15502 2124 12691 4309 1763 15250 5758 3123 6519 1294 5416 3147 12325 0
125 150 54 132 206 221 108 214 233 29 90 66 6 74 170 0